[6, 4, 7, 8, 5, 0, 3, 2, 1] h=21 moves: 0
[6, 4, 0, 8, 5, 7, 3, 2, 1] h=20 moves: 1
[6, 0, 4, 8, 5, 7, 3, 2, 1] h=21 moves: 2
[6, 5, 4, 8, 0, 7, 3, 2, 1] h=22 moves: 3
[6, 5, 4, 0, 8, 7, 3, 2, 1] h=21 moves: 4
[6, 5, 4, 3, 8, 7, 0, 2, 1] h=20 moves: 5
[6, 5, 4, 3, 8, 7, 2, 0, 1] h=21 moves: 6
[6, 5, 4, 3, 8, 7, 2, 1, 0] h=20 moves: 7
[6, 5, 4, 3, 8, 0, 2, 1, 7] h=19 moves: 8
[6, 5, 4, 3, 0, 8, 2, 1, 7] h=20 moves: 9
[6, 0, 4, 3, 5, 8, 2, 1, 7] h=19 moves: 10
[0, 6, 4, 3, 5, 8, 2, 1, 7] h=18 moves: 11
[3, 6, 4, 0, 5, 8, 2, 1, 7] h=17 moves: 12
[3, 6, 4, 2, 5, 8, 0, 1, 7] h=16 moves: 13
[3, 6, 4, 2, 5, 8, 1, 0, 7] h=15 moves: 14
[3, 6, 4, 2, 5, 8, 1, 7, 0] h=14 moves: 15
[3, 6, 4, 2, 5, 0, 1, 7, 8] h=13 moves: 16
[3, 6, 0, 2, 5, 4, 1, 7, 8] h=12 moves: 17
[3, 0, 6, 2, 5, 4, 1, 7, 8] h=11 moves: 18
[0, 3, 6, 2, 5, 4, 1, 7, 8] h=10 moves: 19
[2, 3, 6, 0, 5, 4, 1, 7, 8] h=9 moves: 20
[2, 3, 6, 1, 5, 4, 0, 7, 8] h=8 moves: 21
[2, 3, 6, 1, 5, 4, 7, 0, 8] h=7 moves: 22
[2, 3, 6, 1, 0, 4, 7, 5, 8] h=8 moves: 23
[2, 3, 6, 1, 4, 0, 7, 5, 8] h=7 moves: 24
[2, 3, 0, 1, 4, 6, 7, 5, 8] h=6 moves: 25
[2, 0, 3, 1, 4, 6, 7, 5, 8] h=5 moves: 26
[0, 2, 3, 1, 4, 6, 7, 5, 8] h=4 moves: 27
[1, 2, 3, 0, 4, 6, 7, 5, 8] h=3 moves: 28
[1, 2, 3, 4, 0, 6, 7, 5, 8] h=2 moves: 29
[1, 2, 3, 4, 5, 6, 7, 0, 8] h=1 moves: 30
[1, 2, 3, 4, 5, 6, 7, 8, 0] h=0 moves: 31
Max queue length: 3364
[8, 2, 7, 3, 1, 6, 4, 0, 5] h=15 moves: 0
[8, 2, 7, 3, 1, 6, 4, 5, 0] h=14 moves: 1
[8, 2, 7, 3, 1, 0, 4, 5, 6] h=15 moves: 2
[8, 2, 7, 3, 0, 1, 4, 5, 6] h=16 moves: 3
[8, 0, 7, 3, 2, 1, 4, 5, 6] h=17 moves: 4
[8, 7, 0, 3, 2, 1, 4, 5, 6] h=16 moves: 5
[8, 7, 1, 3, 2, 0, 4, 5, 6] h=15 moves: 6
[8, 7, 1, 3, 0, 2, 4, 5, 6] h=16 moves: 7
[8, 7, 1, 0, 3, 2, 4, 5, 6] h=15 moves: 8
[0, 7, 1, 8, 3, 2, 4, 5, 6] h=14 moves: 9
[7, 0, 1, 8, 3, 2, 4, 5, 6] h=13 moves: 10
[7, 1, 0, 8, 3, 2, 4, 5, 6] h=12 moves: 11
[7, 1, 2, 8, 3, 0, 4, 5, 6] h=11 moves: 12
[7, 1, 2, 8, 0, 3, 4, 5, 6] h=10 moves: 13
[7, 1, 2, 8, 5, 3, 4, 0, 6] h=9 moves: 14
[7, 1, 2, 8, 5, 3, 0, 4, 6] h=10 moves: 15
[7, 1, 2, 0, 5, 3, 8, 4, 6] h=9 moves: 16
[0, 1, 2, 7, 5, 3, 8, 4, 6] h=8 moves: 17
[1, 0, 2, 7, 5, 3, 8, 4, 6] h=7 moves: 18
[1, 2, 0, 7, 5, 3, 8, 4, 6] h=6 moves: 19
[1, 2, 3, 7, 5, 0, 8, 4, 6] h=5 moves: 20
[1, 2, 3, 7, 0, 5, 8, 4, 6] h=6 moves: 21
[1, 2, 3, 7, 4, 5, 8, 0, 6] h=5 moves: 22
[1, 2, 3, 7, 4, 5, 0, 8, 6] h=4 moves: 23
[1, 2, 3, 0, 4, 5, 7, 8, 6] h=3 moves: 24
[1, 2, 3, 4, 0, 5, 7, 8, 6] h=2 moves: 25
[1, 2, 3, 4, 5, 0, 7, 8, 6] h=1 moves: 26
[1, 2, 3, 4, 5, 6, 7, 8, 0] h=0 moves: 27
Max queue length: 1295
[6, 5, 7, 1, 8, 2, 3, 4, 0] h=18 moves: 0
[6, 5, 7, 1, 8, 0, 3, 4, 2] h=19 moves: 1
[6, 5, 0, 1, 8, 7, 3, 4, 2] h=18 moves: 2
[6, 0, 5, 1, 8, 7, 3, 4, 2] h=19 moves: 3
[0, 6, 5, 1, 8, 7, 3, 4, 2] h=18 moves: 4
[1, 6, 5, 0, 8, 7, 3, 4, 2] h=17 moves: 5
[1, 6, 5, 8, 0, 7, 3, 4, 2] h=18 moves: 6
[1, 6, 5, 8, 7, 0, 3, 4, 2] h=17 moves: 7
[1, 6, 5, 8, 7, 2, 3, 4, 0] h=16 moves: 8
[1, 6, 5, 8, 7, 2, 3, 0, 4] h=17 moves: 9
[1, 6, 5, 8, 7, 2, 0, 3, 4] h=16 moves: 10
[1, 6, 5, 0, 7, 2, 8, 3, 4] h=15 moves: 11
[1, 6, 5, 7, 0, 2, 8, 3, 4] h=14 moves: 12
[1, 0, 5, 7, 6, 2, 8, 3, 4] h=13 moves: 13
[1, 5, 0, 7, 6, 2, 8, 3, 4] h=12 moves: 14
[1, 5, 2, 7, 6, 0, 8, 3, 4] h=11 moves: 15
[1, 5, 2, 7, 0, 6, 8, 3, 4] h=10 moves: 16
[1, 5, 2, 7, 3, 6, 8, 0, 4] h=9 moves: 17
[1, 5, 2, 7, 3, 6, 8, 4, 0] h=8 moves: 18
[1, 5, 2, 7, 3, 0, 8, 4, 6] h=9 moves: 19
[1, 5, 2, 7, 0, 3, 8, 4, 6] h=8 moves: 20
[1, 5, 2, 7, 4, 3, 8, 0, 6] h=7 moves: 21
[1, 5, 2, 7, 4, 3, 0, 8, 6] h=6 moves: 22
[1, 5, 2, 0, 4, 3, 7, 8, 6] h=5 moves: 23
[1, 5, 2, 4, 0, 3, 7, 8, 6] h=4 moves: 24
[1, 0, 2, 4, 5, 3, 7, 8, 6] h=3 moves: 25
[1, 2, 0, 4, 5, 3, 7, 8, 6] h=2 moves: 26
[1, 2, 3, 4, 5, 0, 7, 8, 6] h=1 moves: 27
[1, 2, 3, 4, 5, 6, 7, 8, 0] h=0 moves: 28
Max queue length: 1019
[8, 6, 5, 7, 1, 4, 0, 2, 3] h=16 moves: 0
[8, 6, 5, 0, 1, 4, 7, 2, 3] h=15 moves: 1
[8, 6, 5, 1, 0, 4, 7, 2, 3] h=14 moves: 2
[8, 6, 5, 1, 4, 0, 7, 2, 3] h=13 moves: 3
[8, 6, 0, 1, 4, 5, 7, 2, 3] h=12 moves: 4
[8, 0, 6, 1, 4, 5, 7, 2, 3] h=11 moves: 5
[0, 8, 6, 1, 4, 5, 7, 2, 3] h=10 moves: 6
[1, 8, 6, 0, 4, 5, 7, 2, 3] h=9 moves: 7
[1, 8, 6, 4, 0, 5, 7, 2, 3] h=8 moves: 8
[1, 8, 6, 4, 2, 5, 7, 0, 3] h=7 moves: 9
[1, 8, 6, 4, 2, 5, 7, 3, 0] h=8 moves: 10
[1, 8, 6, 4, 2, 0, 7, 3, 5] h=9 moves: 11
[1, 8, 6, 4, 0, 2, 7, 3, 5] h=10 moves: 12
[1, 0, 6, 4, 8, 2, 7, 3, 5] h=9 moves: 13
[1, 6, 0, 4, 8, 2, 7, 3, 5] h=10 moves: 14
[1, 6, 2, 4, 8, 0, 7, 3, 5] h=9 moves: 15
[1, 6, 2, 4, 0, 8, 7, 3, 5] h=10 moves: 16
[1, 6, 2, 4, 3, 8, 7, 0, 5] h=9 moves: 17
[1, 6, 2, 4, 3, 8, 7, 5, 0] h=8 moves: 18
[1, 6, 2, 4, 3, 0, 7, 5, 8] h=7 moves: 19
[1, 6, 2, 4, 0, 3, 7, 5, 8] h=6 moves: 20
[1, 0, 2, 4, 6, 3, 7, 5, 8] h=5 moves: 21
[1, 2, 0, 4, 6, 3, 7, 5, 8] h=4 moves: 22
[1, 2, 3, 4, 6, 0, 7, 5, 8] h=3 moves: 23
[1, 2, 3, 4, 0, 6, 7, 5, 8] h=2 moves: 24
[1, 2, 3, 4, 5, 6, 7, 0, 8] h=1 moves: 25
[1, 2, 3, 4, 5, 6, 7, 8, 0] h=0 moves: 26
Max queue length: 1099
[6, 4, 8, 2, 3, 5, 1, 7, 0] h=16 moves: 0
[6, 4, 8, 2, 3, 0, 1, 7, 5] h=17 moves: 1
[6, 4, 0, 2, 3, 8, 1, 7, 5] h=16 moves: 2
[6, 0, 4, 2, 3, 8, 1, 7, 5] h=17 moves: 3
[0, 6, 4, 2, 3, 8, 1, 7, 5] h=16 moves: 4
[2, 6, 4, 0, 3, 8, 1, 7, 5] h=15 moves: 5
[2, 6, 4, 1, 3, 8, 0, 7, 5] h=14 moves: 6
[2, 6, 4, 1, 3, 8, 7, 0, 5] h=13 moves: 7
[2, 6, 4, 1, 3, 8, 7, 5, 0] h=12 moves: 8
[2, 6, 4, 1, 3, 0, 7, 5, 8] h=11 moves: 9
[2, 6, 0, 1, 3, 4, 7, 5, 8] h=10 moves: 10
[2, 0, 6, 1, 3, 4, 7, 5, 8] h=9 moves: 11
[2, 3, 6, 1, 0, 4, 7, 5, 8] h=8 moves: 12
[2, 3, 6, 1, 4, 0, 7, 5, 8] h=7 moves: 13
[2, 3, 0, 1, 4, 6, 7, 5, 8] h=6 moves: 14
[2, 0, 3, 1, 4, 6, 7, 5, 8] h=5 moves: 15
[0, 2, 3, 1, 4, 6, 7, 5, 8] h=4 moves: 16
[1, 2, 3, 0, 4, 6, 7, 5, 8] h=3 moves: 17
[1, 2, 3, 4, 0, 6, 7, 5, 8] h=2 moves: 18
[1, 2, 3, 4, 5, 6, 7, 0, 8] h=1 moves: 19
[1, 2, 3, 4, 5, 6, 7, 8, 0] h=0 moves: 20
Max queue length: 68
[7, 8, 6, 5, 4, 0, 2, 3, 1] h=17 moves: 0
[7, 8, 6, 5, 4, 1, 2, 3, 0] h=16 moves: 1
[7, 8, 6, 5, 4, 1, 2, 0, 3] h=15 moves: 2
[7, 8, 6, 5, 0, 1, 2, 4, 3] h=16 moves: 3
[7, 0, 6, 5, 8, 1, 2, 4, 3] h=15 moves: 4
[0, 7, 6, 5, 8, 1, 2, 4, 3] h=16 moves: 5
[5, 7, 6, 0, 8, 1, 2, 4, 3] h=17 moves: 6
[5, 7, 6, 2, 8, 1, 0, 4, 3] h=16 moves: 7
[5, 7, 6, 2, 8, 1, 4, 0, 3] h=15 moves: 8
[5, 7, 6, 2, 0, 1, 4, 8, 3] h=14 moves: 9
[5, 0, 6, 2, 7, 1, 4, 8, 3] h=13 moves: 10
[5, 6, 0, 2, 7, 1, 4, 8, 3] h=14 moves: 11
[5, 6, 1, 2, 7, 0, 4, 8, 3] h=13 moves: 12
[5, 6, 1, 2, 7, 3, 4, 8, 0] h=12 moves: 13
[5, 6, 1, 2, 7, 3, 4, 0, 8] h=13 moves: 14
[5, 6, 1, 2, 0, 3, 4, 7, 8] h=12 moves: 15
[5, 0, 1, 2, 6, 3, 4, 7, 8] h=11 moves: 16
[5, 1, 0, 2, 6, 3, 4, 7, 8] h=10 moves: 17
[5, 1, 3, 2, 6, 0, 4, 7, 8] h=9 moves: 18
[5, 1, 3, 2, 0, 6, 4, 7, 8] h=8 moves: 19
[5, 1, 3, 0, 2, 6, 4, 7, 8] h=7 moves: 20
[0, 1, 3, 5, 2, 6, 4, 7, 8] h=6 moves: 21
[1, 0, 3, 5, 2, 6, 4, 7, 8] h=5 moves: 22
[1, 2, 3, 5, 0, 6, 4, 7, 8] h=4 moves: 23
[1, 2, 3, 0, 5, 6, 4, 7, 8] h=3 moves: 24
[1, 2, 3, 4, 5, 6, 0, 7, 8] h=2 moves: 25
[1, 2, 3, 4, 5, 6, 7, 0, 8] h=1 moves: 26
[1, 2, 3, 4, 5, 6, 7, 8, 0] h=0 moves: 27
Max queue length: 1331
[6, 5, 7, 4, 0, 2, 3, 1, 8] h=18 moves: 0
[6, 5, 7, 4, 1, 2, 3, 0, 8] h=17 moves: 1
[6, 5, 7, 4, 1, 2, 0, 3, 8] h=16 moves: 2
[6, 5, 7, 0, 1, 2, 4, 3, 8] h=17 moves: 3
[6, 5, 7, 1, 0, 2, 4, 3, 8] h=16 moves: 4
[6, 0, 7, 1, 5, 2, 4, 3, 8] h=15 moves: 5
[0, 6, 7, 1, 5, 2, 4, 3, 8] h=14 moves: 6
[1, 6, 7, 0, 5, 2, 4, 3, 8] h=13 moves: 7
[1, 6, 7, 5, 0, 2, 4, 3, 8] h=14 moves: 8
[1, 0, 7, 5, 6, 2, 4, 3, 8] h=13 moves: 9
[1, 7, 0, 5, 6, 2, 4, 3, 8] h=12 moves: 10
[1, 7, 2, 5, 6, 0, 4, 3, 8] h=11 moves: 11
[1, 7, 2, 5, 0, 6, 4, 3, 8] h=10 moves: 12
[1, 7, 2, 5, 3, 6, 4, 0, 8] h=9 moves: 13
[1, 7, 2, 5, 3, 6, 4, 8, 0] h=8 moves: 14
[1, 7, 2, 5, 3, 0, 4, 8, 6] h=9 moves: 15
[1, 7, 2, 5, 0, 3, 4, 8, 6] h=8 moves: 16
[1, 0, 2, 5, 7, 3, 4, 8, 6] h=7 moves: 17
[1, 2, 0, 5, 7, 3, 4, 8, 6] h=6 moves: 18
[1, 2, 3, 5, 7, 0, 4, 8, 6] h=5 moves: 19
[1, 2, 3, 5, 7, 6, 4, 8, 0] h=4 moves: 20
[1, 2, 3, 5, 7, 6, 4, 0, 8] h=5 moves: 21
[1, 2, 3, 5, 0, 6, 4, 7, 8] h=4 moves: 22
[1, 2, 3, 0, 5, 6, 4, 7, 8] h=3 moves: 23
[1, 2, 3, 4, 5, 6, 0, 7, 8] h=2 moves: 24
[1, 2, 3, 4, 5, 6, 7, 0, 8] h=1 moves: 25
[1, 2, 3, 4, 5, 6, 7, 8, 0] h=0 moves: 26
Max queue length: 524
[3, 6, 2, 5, 8, 0, 4, 7, 1] h=13 moves: 0
[3, 6, 2, 5, 0, 8, 4, 7, 1] h=14 moves: 1
[3, 6, 2, 0, 5, 8, 4, 7, 1] h=13 moves: 2
[3, 6, 2, 4, 5, 8, 0, 7, 1] h=12 moves: 3
[3, 6, 2, 4, 5, 8, 7, 0, 1] h=11 moves: 4
[3, 6, 2, 4, 5, 8, 7, 1, 0] h=10 moves: 5
[3, 6, 2, 4, 5, 0, 7, 1, 8] h=9 moves: 6
[3, 6, 0, 4, 5, 2, 7, 1, 8] h=10 moves: 7
[3, 0, 6, 4, 5, 2, 7, 1, 8] h=9 moves: 8
[3, 5, 6, 4, 0, 2, 7, 1, 8] h=10 moves: 9
[3, 5, 6, 4, 1, 2, 7, 0, 8] h=9 moves: 10
[3, 5, 6, 4, 1, 2, 0, 7, 8] h=10 moves: 11
[3, 5, 6, 0, 1, 2, 4, 7, 8] h=11 moves: 12
[3, 5, 6, 1, 0, 2, 4, 7, 8] h=10 moves: 13
[3, 0, 6, 1, 5, 2, 4, 7, 8] h=9 moves: 14
[0, 3, 6, 1, 5, 2, 4, 7, 8] h=8 moves: 15
[1, 3, 6, 0, 5, 2, 4, 7, 8] h=7 moves: 16
[1, 3, 6, 4, 5, 2, 0, 7, 8] h=6 moves: 17
[1, 3, 6, 4, 5, 2, 7, 0, 8] h=5 moves: 18
[1, 3, 6, 4, 0, 2, 7, 5, 8] h=6 moves: 19
[1, 3, 6, 4, 2, 0, 7, 5, 8] h=5 moves: 20
[1, 3, 0, 4, 2, 6, 7, 5, 8] h=4 moves: 21
[1, 0, 3, 4, 2, 6, 7, 5, 8] h=3 moves: 22
[1, 2, 3, 4, 0, 6, 7, 5, 8] h=2 moves: 23
[1, 2, 3, 4, 5, 6, 7, 0, 8] h=1 moves: 24
[1, 2, 3, 4, 5, 6, 7, 8, 0] h=0 moves: 25
Max queue length: 898
[6, 4, 0, 8, 5, 7, 3, 2, 1] h=20
[6, 4, 7, 8, 0, 5, 3, 2, 1] h=22
[6, 4, 7, 8, 5, 1, 3, 2, 0] h=20
[8, 2, 7, 3, 0, 6, 4, 1, 5] h=16
[8, 2, 7, 3, 1, 6, 0, 4, 5] h=16
[8, 2, 7, 3, 1, 6, 4, 5, 0] h=14
[6, 5, 7, 1, 8, 0, 3, 4, 2] h=19
[6, 5, 7, 1, 8, 2, 3, 0, 4] h=19
[8, 6, 5, 0, 1, 4, 7, 2, 3] h=15
[8, 6, 5, 7, 1, 4, 2, 0, 3] h=17
[6, 4, 8, 2, 3, 0, 1, 7, 5] h=17
[6, 4, 8, 2, 3, 5, 1, 0, 7] h=17
[7, 8, 0, 5, 4, 6, 2, 3, 1] h=16
[7, 8, 6, 5, 0, 4, 2, 3, 1] h=18
[7, 8, 6, 5, 4, 1, 2, 3, 0] h=16
[6, 0, 7, 4, 5, 2, 3, 1, 8] h=17
[6, 5, 7, 0, 4, 2, 3, 1, 8] h=19
[6, 5, 7, 4, 1, 2, 3, 0, 8] h=17
[6, 5, 7, 4, 2, 0, 3, 1, 8] h=17
[3, 6, 0, 5, 8, 2, 4, 7, 1] h=14
[3, 6, 2, 5, 0, 8, 4, 7, 1] h=14
[3, 6, 2, 5, 8, 1, 4, 7, 0] h=12
[1, 2, 0, 4, 5, 3, 6, 7, 8] h=6
[1, 2, 3, 4, 0, 5, 6, 7, 8] h=6
[1, 2, 3, 4, 5, 8, 6, 7, 0] h=6
[4, 3, 8, 5, 1, 6, 7, 2, 0] h=10 moves: 0
[4, 3, 8, 5, 1, 0, 7, 2, 6] h=11 moves: 1
[4, 3, 0, 5, 1, 8, 7, 2, 6] h=10 moves: 2
[4, 0, 3, 5, 1, 8, 7, 2, 6] h=9 moves: 3
[4, 1, 3, 5, 0, 8, 7, 2, 6] h=8 moves: 4
[4, 1, 3, 5, 8, 0, 7, 2, 6] h=7 moves: 5
[4, 1, 3, 5, 8, 6, 7, 2, 0] h=6 moves: 6
[4, 1, 3, 5, 8, 6, 7, 0, 2] h=7 moves: 7
[4, 1, 3, 5, 0, 6, 7, 8, 2] h=6 moves: 8
[4, 1, 3, 0, 5, 6, 7, 8, 2] h=5 moves: 9
[0, 1, 3, 4, 5, 6, 7, 8, 2] h=4 moves: 10
[1, 0, 3, 4, 5, 6, 7, 8, 2] h=3 moves: 11
[1, 3, 0, 4, 5, 6, 7, 8, 2] h=4 moves: 12
[1, 3, 6, 4, 5, 0, 7, 8, 2] h=5 moves: 13
[1, 3, 6, 4, 5, 2, 7, 8, 0] h=4 moves: 14
[1, 3, 6, 4, 5, 2, 7, 0, 8] h=5 moves: 15
[1, 3, 6, 4, 0, 2, 7, 5, 8] h=6 moves: 16
[1, 3, 6, 4, 2, 0, 7, 5, 8] h=5 moves: 17
[1, 3, 0, 4, 2, 6, 7, 5, 8] h=4 moves: 18
[1, 0, 3, 4, 2, 6, 7, 5, 8] h=3 moves: 19
[1, 2, 3, 4, 0, 6, 7, 5, 8] h=2 moves: 20
[1, 2, 3, 4, 5, 6, 7, 0, 8] h=1 moves: 21
[1, 2, 3, 4, 5, 6, 7, 8, 0] h=0 moves: 22
Max queue length: 366
[8, 7, 6, 5, 4, 0, 2, 1, 3] h=17
[8, 7, 6, 5, 4, 3, 2, 0, 1] h=17
[1, 2, 3, 4, 5, 6, 7, 8, 0] h=0 moves: 0
Max queue length: 0
[1, 2, 3, 4, 5, 6, 7, 0, 8] h=1 moves: 0
[1, 2, 3, 4, 5, 6, 7, 8, 0] h=0 moves: 1
Max queue length: 3
